1913
1913
2862
2862
3204
3204
3448
3449
3450
3451
5616
5617
5618
5666
5667
5668
5669
5670
5671
5672
5673
5674
5675
5677
5678
5712
5713
5714
5715
5716
5717
5718
5719
5720
5721
5769
5769
5770
5770
5771
5771
5772
5772
5773
5773
5835
5836
5837
5838
5839
5840
5841
5842
5906
5907
5908
5924
5924
5925
5926
5926
5927
5928
5928
5929
5929
5930
5930
5931
5932
5933
5984
5985
5986
5987
5988
6028
6029
6029
6030
6031
6032
6033
6034
6035
6036
6037
6038
6040
6041
6042
6043
6044
6045
6046
6047
6048
6049
6050
6051
6052
6053
6054
6055
6056
6057
6058
6059
6060
6061
6062
6063
6064
6065
6066
6067
6068
6069
6070
6071
6072
6073
6074
6075
6076
6077
6078
6079
6080
6081
6082
6083
6084
6085
6086
6087
6088
6089
6090
6091
6092
6093
6094
6095
6096
6097
6098
6099
6100
6101
6102
6103
6104
6105
6106
6107
6108
6109
6110
6111
6112
6113
6114
6115
6116
6116
6117
6118
6118
6119
6120
6120
6121
6122
6122
6123
6124
6124
6125
6126
6126
6127
6128
6129
6130
6131
6132
6133
6134
6135
6136
6137
6138
6139
6140
6141
6142
6143
6144
6148
7535
8929
8929
8931
8931
10154
10154
10154
10155
10155
10155
10563
10564
10565
10566
10571
10571
10571
10571
10571
10571
10571
10571
10571
10571
10571
10571
10571
10571
10571
10591
10591
10591
10593
10593
10593
10593
10593
10593
10593
10593
10593
10593
10593
10593
10593
10593
10593
10852
10853
10854
10855
10856
10857
10858
10859
10860
10861
11077
11327
11803
11804
12422
12422
12439
12452
12452
13613
13787
13788
13857
13858
13950
13951
14337
14338
14658
14658
14726
14727
14728
14729
14730
14960
14961
15132
15133
15134
15136
15137
15138
15895
15895
15899
15900
15901
